2443
2054
2055
9
2060
2063
2064
17
18
19
20
21
2067
2065
2074
2075
2078
2080
2081
2086
2087
2088
2090
2094
2096
49
50
52
54
2103
55
57
58
59
60
419
418
2108
65
66
67
2116
69
68
71
72
73
74
2123
76
77
70
75
79
80
78
2131
2132
2133
86
2135
84
2137
82
2141
2143
2146
2151
2158
2159
2160
2163
2164
118
2166
2169
431
2171
2172
2175
2177
2178
132
2182
138
2190
2191
144
151
152
2201
153
2203
156
157
155
159
160
161
154
2475
2216
2217
170
171
172
2221
2477
2228
2478
2230
2479
2235
2245
2249
2250
2251
2253
2259
2262
214
2263
2267
2271
2283
2286
239
240
241
242
2291
244
243
245
247
2296
248
250
249
252
251
253
254
256
255
2306
258
259
2309
261
262
263
260
257
2315
2317
2318
2319
2325
2332
2338
291
2351
2359
2368
2372
2374
2376
2378
2382
2394
2398
2400
356
2405
357
358
359
361
362
363
364
365
366
367
368
369
370
2416
2418
373
2422
374
2424
2425
376
2427
372
378
380
381
375
377
385
386
387
388
384
390
392
389
394
395
396
397
398
399
2440
2449
402
401
403
405
406
407
408
2457
410
409
412
2461
414
415
416
417
413
2467
2460
421
2470
422
424
423
426
427
428
425
429
430
432
433
2482
435
2483
436
2485
434
2487
437
442
438
2492
2495
2508
2522
474
475
2524
2525
2539
2543
2544
2545
2550
2551
2552
2556
2558
2560
2561
2565
2567
2568
2569
2570
2573
2583
2587
2589
2591
2598
2602
2604
2607
2608
2613
2614
2621
2622
2630
582
587
2636
2637
2641
2646
2648
604
2663
2664
2666
2669
2671
2672
2675
2677
630
633
2683
639
640
2688
2691
2692
2693
2696
2697
654
655
656
657
658
659
665
666
667
668
691
697
701
702
703
706
708
709
712
713
714
719
728
729
730
731
732
734
735
743
745
746
748
749
750
751
752
778
779
780
781
782
783
784
785
786
787
788
789
790
791
792
793
794
795
796
797
798
799
800
801
802
803
804
805
806
807
819
824
831
832
833
841
883
884
906
907
909
921
922
923
924
935
975
978
979
1005
1013
1019
246
1645
1646
1654
1656
1660
1662
1664
1670
1672
1676
1684
1688
1694
1699
1715
1719
1727
1734
1735
1736
1737
1738
1739
1749
1751
1755
1761
1763
1765
1766
1767
1772
1782
1783
1786
1789
1790
1791
1793
1807
1808
1809
1814
1821
1832
1833
1834
1837
1838
1845
1848
1855
1857
1859
371
1872
1875
1876
1878
1883
1898
1899
1903
1904
1909
1911
2415
1913
1914
1916
1917
382
1927
1928
1929
1930
2421
1944
1945
1947
1949
1953
1963
1964
1968
1977
1978
1981
1987
1989
1992
2004
2009
2010
2022
2024
2028
2029
404
2034
81
2441
2044
2442
