2049
2
2051
3
5
6
7
2058
10
12
13
14
2061
2062
2066
22
23
24
25
26
27
28
29
30
31
2079
33
34
35
2084
36
37
32
38
41
42
2091
44
43
46
47
48
2097
2098
51
2092
2101
53
56
2105
2106
2107
61
62
63
64
2110
83
85
87
88
2138
2142
98
99
100
101
2150
103
102
105
106
107
108
109
110
104
112
113
111
115
116
117
120
2168
2170
123
124
125
126
127
128
2174
2176
129
2180
2181
134
135
136
2185
137
139
140
141
142
143
2183
145
2194
146
148
2197
149
150
2192
2193
2205
162
163
164
2213
165
167
168
169
166
2220
173
174
175
176
2223
178
179
180
181
2226
2229
184
185
186
187
2236
188
190
191
192
193
189
194
196
195
2239
39
2248
2247
202
203
204
40
206
207
208
209
210
211
212
213
205
215
216
217
218
219
220
221
2266
2270
225
226
227
2276
228
45
231
2280
233
234
235
236
237
238
232
2290
2293
2294
456
