378
380
381
375
377
385
386
387
388
384
390
392
389
394
395
396
397
398
399
2440
2449
402
401
403
405
406
407
408
2457
410
409
412
2461
414
415
416
417
413
2467
2460
421
2470
422
424
423
426
427
428
425
429
430
432
433
2482
435
2483
436
2485
434
2487
437
442
438
2492
2495
2508
2522
474
475
2524
2525
2539
2543
2544
2545
2550
2551
2552
2556
2558
2560
2561
2565
2567
2568
2569
2570
2573
2583
2587
2589
2591
2598
2602
2604
2607
2608
2613
2614
2621
2622
2630
582
587
2636
2637
2641
2646
2648
604
2663
2664
2666
2669
2671
2672
2675
2677
630
633
2683
639
640
2688
2691
2692
2693
2696
2697
654
655
656
657
658
659
665
666
667
668
691
697
701
702
703
706
708
709
712
713
714
719
728
729
730
731
732
734
735
743
745
746
748
749
750
751
752
778
779
780
781
782
783
784
785
786
787
788
789
790
791
792
793
794
795
796
797
798
799
800
801
802
803
804
805
806
807
819
824
831
