832
833
841
883
884
906
907
909
921
922
923
924
935
975
978
979
1005
1013
1019
246
1645
1646
1654
1656
1660
1662
1664
1670
1672
1676
1684
1688
1694
1699
1715
1719
1727
1734
1735
1736
1737
1738
1739
1749
1751
1755
1761
1763
1765
1766
1767
1772
1782
1783
1786
1789
1790
1791
1793
1807
1808
1809
1814
1821
1832
1833
1834
1837
1838
1845
1848
1855
1857
1859
371
1872
1875
1876
1878
1883
1898
1899
1903
1904
1909
1911
2415
1913
1914
1916
1917
382
1927
1928
1929
1930
2421
1944
1945
1947
1949
1953
1963
1964
1968
1977
1978
1981
1987
1989
1992
2004
2009
2010
2022
2024
2028
2029
404
2034
81
2441
2044
2442
