2443
2054
2055
9
2060
2063
2064
17
18
19
20
21
2067
2065
2074
2075
2078
2080
2081
2086
2087
2088
2090
2094
2096
49
50
52
54
2103
55
57
58
59
60
419
418
2108
65
66
67
2116
69
68
71
72
73
74
2123
76
77
70
75
79
80
78
2131
2132
2133
86
2135
84
2137
82
2141
2143
2146
2151
2158
2159
2160
2163
2164
118
2166
2169
431
2171
2172
2175
2177
2178
132
2182
138
2190
2191
144
151
152
2201
153
2203
156
157
155
159
160
161
154
2475
2216
2217
170
171
172
2221
2477
2228
2478
2230
2479
2235
2245
2249
2250
2251
2253
2259
2262
214
2263
2267
2271
2283
2286
239
240
241
242
2291
244
243
245
247
2296
248
250
249
252
251
253
254
256
255
2306
258
259
2309
261
262
263
260
257
2315
2317
2318
2319
2325
2332
2338
291
2351
2359
2368
2372
2374
2376
2378
2382
2394
2398
2400
356
2405
357
358
359
361
362
363
364
365
366
367
368
369
370
2416
2418
373
2422
374
2424
2425
376
2427
372
