741
742
744
747
753
754
755
756
557
759
760
761
558
763
764
765
766
768
769
770
771
772
773
519
775
776
777
2189
520
567
808
809
810
811
812
813
814
569
816
817
815
820
821
822
823
521
825
826
827
828
829
830
834
835
838
839
840
842
843
844
845
576
876
878
879
880
885
887
177
895
896
897
898
899
908
2623
2624
182
920
183
930
933
526
2155
974
602
984
985
986
987
988
991
992
997
999
1000
606
1002
1003
1006
1009
1010
1011
1012
1014
1015
1016
1017
1018
1020
1021
1022
1024
1025
1034
1038
1039
1042
1044
617
1059
1060
2246
619
2660
2661
2662
2256
2667
2668
229
2673
2273
2274
540
133
2577
272
273
2542
2314
280
2316
295
2342
311
2357
2358
1644
1647
1648
1659
1661
1666
1669
1674
1679
2509
1686
1689
1690
1691
1692
1693
1696
1702
1713
1725
1740
346
1742
1747
1752
1764
1776
1779
2390
2391
1794
1795
1797
2393
1811
1813
1816
1817
1819
1820
1822
1827
1835
1836
1839
1841
1843
1854
1858
1860
1861
