515
2564
517
2566
514
516
518
522
2571
523
525
524
527
528
529
2578
2579
531
530
534
532
533
537
538
539
536
541
542
535
2592
2588
543
544
545
546
547
548
549
553
554
2603
556
555
551
559
560
561
2610
562
563
564
566
2615
568
565
570
571
2620
572
574
573
575
2625
577
579
580
581
578
583
584
585
2631
586
588
589
590
591
592
593
594
2153
2152
2154
2647
600
601
2650
603
2651
605
2652
2655
608
609
607
611
612
610
614
615
616
613
618
2665
620
621
622
623
2670
625
626
2674
628
627
624
2679
632
2681
634
635
636
637
638
641
642
644
645
646
647
648
649
650
651
652
653
130
660
661
662
663
664
131
132
669
670
671
672
673
674
675
676
677
678
679
680
681
682
683
684
685
686
687
688
689
690
692
693
694
695
696
698
699
700
704
705
707
710
711
715
716
717
718
720
721
722
723
550
725
726
727
724
2586
552
733
736
737
738
739
740
