2049
2
2051
3
5
6
7
2058
10
12
13
14
2061
2062
2066
22
23
24
25
26
27
28
29
30
31
2079
33
34
35
2084
36
37
32
38
41
42
2091
44
43
46
47
48
2097
2098
51
2092
2101
53
56
2105
2106
2107
61
62
63
64
2110
83
85
87
88
2138
2142
98
99
100
101
2150
103
102
105
106
107
108
109
110
104
112
113
111
115
116
117
120
2168
2170
123
124
125
126
127
128
2174
2176
129
2180
2181
134
135
136
2185
137
139
140
141
142
143
2183
145
2194
146
148
2197
149
150
2192
2193
2205
162
163
164
2213
165
167
168
169
166
2220
173
174
175
176
2223
178
179
180
181
2226
2229
184
185
186
187
2236
188
190
191
192
193
189
194
196
195
2239
39
2248
2247
202
203
204
40
206
207
208
209
210
211
212
213
205
215
216
217
218
219
220
221
2266
2270
225
226
227
2276
228
45
231
2280
233
234
235
236
237
238
232
2290
2293
2294
456
2491
2295
2298
2299
2300
2301
2302
2493
264
265
266
267
268
269
270
271
2089
2321
274
275
276
277
278
279
2326
281
282
283
284
285
286
287
288
289
290
2093
292
293
2340
294
296
297
298
299
2348
300
302
301
304
305
303
307
306
309
308
310
312
313
314
2363
315
316
317
318
319
320
321
322
324
323
325
326
327
328
329
330
331
332
333
2383
334
335
336
337
338
339
340
341
342
343
344
345
2396
349
350
351
352
353
354
355
360
2417
2419
2420
2423
2431
2435
2436
2437
2438
2439
2446
2447
2448
400
2450
2454
2455
2458
2462
2464
2468
2473
2474
439
440
441
443
444
445
446
447
448
449
2496
451
452
453
2502
454
455
457
458
459
460
461
462
463
464
465
466
467
468
469
470
471
472
2521
473
2523
476
477
478
479
480
481
2530
482
484
2532
486
487
2535
488
490
491
492
493
494
495
496
497
498
2547
499
500
501
502
504
503
506
505
507
508
510
509
511
513
512
515
2564
517
2566
514
516
518
522
2571
523
525
524
527
528
529
2578
2579
531
530
534
532
533
537
538
539
536
541
542
535
2592
2588
543
544
545
546
547
548
549
553
554
2603
556
555
551
559
560
561
2610
562
563
564
566
2615
568
565
570
571
2620
572
574
573
575
2625
577
579
580
581
578
583
584
585
2631
586
588
589
590
591
592
593
594
2153
2152
2154
2647
600
601
2650
603
2651
605
2652
2655
608
609
607
611
612
610
614
615
616
613
618
2665
620
621
622
623
2670
625
626
2674
628
627
624
2679
632
2681
634
635
636
637
638
641
642
644
645
646
647
648
649
650
651
652
653
130
660
661
662
663
664
131
132
669
670
671
672
673
674
675
676
677
678
679
680
681
682
683
684
685
686
687
688
689
690
692
693
694
695
696
698
699
700
704
705
707
710
711
715
716
717
718
720
721
722
723
550
725
726
727
724
2586
552
733
736
737
738
739
740
741
742
744
747
753
754
755
756
557
759
760
761
558
763
764
765
766
768
769
770
771
772
773
519
775
776
777
2189
520
567
808
809
810
811
812
813
814
569
816
817
815
820
821
822
823
521
825
826
827
828
829
830
834
835
838
839
840
842
843
844
845
576
876
878
879
880
885
887
177
895
896
897
898
899
908
2623
2624
182
920
183
930
933
526
2155
974
602
984
985
986
987
988
991
992
997
999
1000
606
1002
1003
1006
1009
1010
1011
1012
1014
1015
1016
1017
1018
1020
1021
1022
1024
1025
1034
1038
1039
1042
1044
617
1059
1060
2246
619
2660
2661
2662
2256
2667
2668
229
2673
2273
2274
540
133
2577
272
273
2542
2314
280
2316
295
2342
311
2357
2358
1644
1647
1648
1659
1661
1666
1669
1674
1679
2509
1686
1689
1690
1691
1692
1693
1696
1702
1713
1725
1740
346
1742
1747
1752
1764
1776
1779
2390
2391
1794
1795
1797
2393
1811
1813
1816
1817
1819
1820
1822
1827
1835
1836
1839
1841
1843
1854
1858
1860
1861
1863
1864
1868
1869
1870
1877
1880
1882
1885
1893
1900
1905
1906
1910
1915
1920
1921
1931
1932
1933
1934
1935
1936
1937
1938
1941
1942
1943
1946
1955
1965
1966
1967
1969
1972
1974
1980
1991
1994
2000
2001
2005
2008
2011
2012
2016
2020
2021
2023
2025
2041
2042
2043
