2491
2295
2298
2299
2300
2301
2302
2493
264
265
266
267
268
269
270
271
2089
2321
274
275
276
277
278
279
2326
281
282
283
284
285
286
287
288
289
290
2093
292
293
2340
294
296
297
298
299
2348
300
302
301
304
305
303
307
306
309
308
310
312
313
314
2363
315
316
317
318
319
320
321
322
324
323
325
326
327
328
329
330
331
332
333
2383
334
335
336
337
338
339
340
341
342
343
344
345
2396
349
350
351
352
353
354
355
360
2417
2419
2420
2423
2431
2435
2436
2437
2438
2439
2446
2447
2448
400
2450
2454
2455
2458
2462
2464
2468
2473
2474
439
440
441
443
444
445
446
447
448
449
2496
451
452
453
2502
454
455
457
458
459
460
461
462
463
464
465
466
467
468
469
470
471
472
2521
473
2523
476
477
478
479
480
481
2530
482
484
2532
486
487
2535
488
490
491
492
493
494
495
496
497
498
2547
499
500
501
502
504
503
506
505
507
508
510
509
511
513
512
